3 9 7 10 5 4 8 2 1 6 73 79 77 80 75 74 78 82 81 76 13 19 17 20 15 14 18 12 11 16 83 89 87 90 85 84 88 92 91 86 23 29 27 30 25 24 28 22 21 26 63 69 67 70 65 64 68 72 71 66 33 39 37 40 35 34 38 32 31 36 53 59 57 60 55 54 58 62 61 56 93 99 97 100 95 94 98 42 41 96 43 49 47 50 45 44 48 52 51 46
63 69 67 70 65 64 68 62 61 66 33 39 37 40 35 34 38 42 41 36 73 79 77 80 75 74 78 2 1 76 43 49 47 50 45 44 48 52 51 46 83 89 87 90 85 84 88 72 71 86 23 29 27 30 25 24 28 32 31 26 93 99 97 100 95 94 98 82 81 96 13 19 17 20 15 14 18 22 21 16 53 59 57 60 55 54 58 92 91 56 3 9 7 10 5 4 8 12 11 6
93 99 97 100 95 94 98 12 11 96 53 59 57 60 55 54 58 62 61 56 3 9 7 10 5 4 8 22 21 6 63 69 67 70 65 64 68 72 71 66 13 19 17 20 15 14 18 92 91 16 43 49 47 50 45 44 48 52 51 46 73 79 77 80 75 74 78 2 1 76 33 39 37 40 35 34 38 42 41 36 83 89 87 90 85 84 88 82 81 86 23 29 27 30 25 24 28 32 31 26
13 19 17 20 15 14 18 22 21 16 83 89 87 90 85 84 88 92 91 86 33 39 37 40 35 34 38 42 41 36 93 99 97 100 95 94 98 2 1 96 3 9 7 10 5 4 8 32 31 6 73 79 77 80 75 74 78 82 81 76 43 49 47 50 45 44 48 12 11 46 63 69 67 70 65 64 68 72 71 66 23 29 27 30 25 24 28 52 51 26 53 59 57 60 55 54 58 62 61 56
33 39 37 40 35 34 38 42 41 36 3 9 7 10 5 4 8 12 11 6 53 59 57 60 55 54 58 62 61 56 13 19 17 20 15 14 18 22 21 16 43 49 47 50 45 44 48 52 51 46 93 99 97 100 95 94 98 2 1 96 23 29 27 30 25 24 28 72 71 26 83 89 87 90 85 84 88 92 91 86 63 69 67 70 65 64 68 32 31 66 73 79 77 80 75 74 78 82 81 76
73 79 77 80 75 74 78 72 71 76 43 49 47 50 45 44 48 52 51 46 93 99 97 100 95 94 98 82 81 96 53 59 57 60 55 54 58 62 61 56 63 69 67 70 65 64 68 2 1 66 33 39 37 40 35 34 38 42 41 36 83 89 87 90 85 84 88 92 91 86 23 29 27 30 25 24 28 32 31 26 3 9 7 10 5 4 8 12 11 6 13 19 17 20 15 14 18 22 21 16
23 29 27 30 25 24 28 32 31 26 93 99 97 100 95 94 98 2 1 96 43 49 47 50 45 44 48 52 51 46 3 9 7 10 5 4 8 12 11 6 53 59 57 60 55 54 58 42 41 56 83 89 87 90 85 84 88 92 91 86 13 19 17 20 15 14 18 62 61 16 73 79 77 80 75 74 78 82 81 76 33 39 37 40 35 34 38 22 21 36 63 69 67 70 65 64 68 72 71 66
43 49 47 50 45 44 48 52 51 46 13 19 17 20 15 14 18 22 21 16 63 69 67 70 65 64 68 72 71 66 23 29 27 30 25 24 28 32 31 26 33 39 37 40 35 34 38 82 81 36 3 9 7 10 5 4 8 12 11 6 53 59 57 60 55 54 58 42 41 56 93 99 97 100 95 94 98 2 1 96 73 79 77 80 75 74 78 62 61 76 83 89 87 90 85 84 88 92 91 86
53 59 57 60 55 54 58 82 81 56 23 29 27 30 25 24 28 32 31 26 83 89 87 90 85 84 88 92 91 86 33 39 37 40 35 34 38 42 41 36 73 79 77 80 75 74 78 62 61 76 13 19 17 20 15 14 18 22 21 16 63 69 67 70 65 64 68 52 51 66 3 9 7 10 5 4 8 12 11 6 43 49 47 50 45 44 48 72 71 46 93 99 97 100 95 94 98 2 1 96
83 89 87 90 85 84 88 92 91 86 63 69 67 70 65 64 68 72 71 66 23 29 27 30 25 24 28 32 31 26 73 79 77 80 75 74 78 82 81 76 93 99 97 100 95 94 98 12 11 96 53 59 57 60 55 54 58 62 61 56 3 9 7 10 5 4 8 22 21 6 43 49 47 50 45 44 48 52 51 46 13 19 17 20 15 14 18 2 1 16 33 39 37 40 35 34 38 42 41 36
10 16 14 17 12 11 15 19 18 13 50 56 54 57 52 51 55 59 58 53 20 26 24 27 22 21 25 29 28 23 60 66 64 67 62 61 65 69 68 63 100 6 4 7 2 1 5 9 8 3 70 76 74 77 72 71 75 79 78 73 40 46 44 47 42 41 45 49 48 43 80 86 84 87 82 81 85 89 88 83 30 36 34 37 32 31 35 39 38 33 90 96 94 97 92 91 95 99 98 93
70 76 74 77 72 71 75 79 78 73 10 16 14 17 12 11 15 19 18 13 80 86 84 87 82 81 85 89 88 83 20 26 24 27 22 21 25 29 28 23 60 66 64 67 62 61 65 69 68 63 30 36 34 37 32 31 35 39 38 33 100 6 4 7 2 1 5 9 8 3 40 46 44 47 42 41 45 49 48 43 90 96 94 97 92 91 95 99 98 93 50 56 54 57 52 51 55 59 58 53
90 96 94 97 92 91 95 99 98 93 60 66 64 67 62 61 65 69 68 63 100 6 4 7 2 1 5 9 8 3 50 56 54 57 52 51 55 59 58 53 80 86 84 87 82 81 85 89 88 83 40 46 44 47 42 41 45 49 48 43 20 26 24 27 22 21 25 29 28 23 30 36 34 37 32 31 35 39 38 33 10 16 14 17 12 11 15 19 18 13 70 76 74 77 72 71 75 79 78 73
20 26 24 27 22 21 25 29 28 23 80 86 84 87 82 81 85 89 88 83 30 36 34 37 32 31 35 39 38 33 70 76 74 77 72 71 75 79 78 73 10 16 14 17 12 11 15 19 18 13 60 96 94 97 92 91 95 99 98 93 50 56 54 57 52 51 55 59 58 53 90 6 4 7 2 1 5 9 8 3 40 46 44 47 42 41 45 49 48 43 100 66 64 67 62 61 65 69 68 63
40 46 44 47 42 41 45 49 48 43 20 26 24 27 22 21 25 29 28 23 50 56 54 57 52 51 55 59 58 53 80 86 84 87 82 81 85 89 88 83 30 36 34 37 32 31 35 39 38 33 90 16 14 17 12 11 15 19 18 13 70 76 74 77 72 71 75 79 78 73 100 96 94 97 92 91 95 99 98 93 60 66 64 67 62 61 65 69 68 63 10 6 4 7 2 1 5 9 8 3
80 86 84 87 82 81 85 89 88 83 40 46 44 47 42 41 45 49 48 43 90 96 94 97 92 91 95 99 98 93 30 36 34 37 32 31 35 39 38 33 70 76 74 77 72 71 75 79 78 73 50 56 54 57 52 51 55 59 58 53 10 16 14 17 12 11 15 19 18 13 60 66 64 67 62 61 65 69 68 63 100 6 4 7 2 1 5 9 8 3 20 26 24 27 22 21 25 29 28 23
30 36 34 37 32 31 35 39 38 33 90 6 4 7 2 1 5 9 8 3 40 46 44 47 42 41 45 49 48 43 100 96 94 97 92 91 95 99 98 93 20 26 24 27 22 21 25 29 28 23 10 86 84 87 82 81 85 89 88 83 60 66 64 67 62 61 65 69 68 63 70 76 74 77 72 71 75 79 78 73 50 56 54 57 52 51 55 59 58 53 80 16 14 17 12 11 15 19 18 13
50 56 54 57 52 51 55 59 58 53 100 96 94 97 92 91 95 99 98 93 60 66 64 67 62 61 65 69 68 63 90 16 14 17 12 11 15 19 18 13 40 46 44 47 42 41 45 49 48 43 20 6 4 7 2 1 5 9 8 3 80 86 84 87 82 81 85 89 88 83 10 26 24 27 22 21 25 29 28 23 70 76 74 77 72 71 75 79 78 73 30 36 34 37 32 31 35 39 38 33
60 66 64 67 62 61 65 69 68 63 30 36 34 37 32 31 35 39 38 33 70 76 74 77 72 71 75 79 78 73 10 6 4 7 2 1 5 9 8 3 50 56 54 57 52 51 55 59 58 53 100 26 24 27 22 21 25 29 28 23 90 96 94 97 92 91 95 99 98 93 20 16 14 17 12 11 15 19 18 13 80 86 84 87 82 81 85 89 88 83 40 46 44 47 42 41 45 49 48 43
100 6 4 7 2 1 5 9 8 3 70 76 74 77 72 71 75 79 78 73 10 16 14 17 12 11 15 19 18 13 40 46 44 47 42 41 45 49 48 43 90 96 94 97 92 91 95 99 98 93 80 66 64 67 62 61 65 69 68 63 30 36 34 37 32 31 35 39 38 33 50 56 54 57 52 51 55 59 58 53 20 26 24 27 22 21 25 29 28 23 60 86 84 87 82 81 85 89 88 83
6 2 10 3 8 7 1 5 4 9 76 82 80 83 78 77 81 85 84 79 16 12 20 13 18 17 11 15 14 19 86 92 90 93 88 87 91 95 94 89 26 22 30 23 28 27 21 25 24 29 66 72 70 73 68 67 71 75 74 69 36 32 40 33 38 37 31 35 34 39 56 62 60 63 58 57 61 65 64 59 96 42 100 43 98 97 41 45 44 99 46 52 50 53 48 47 51 55 54 49
66 62 70 63 68 67 61 65 64 69 36 42 40 43 38 37 41 45 44 39 76 2 80 3 78 77 1 5 4 79 46 52 50 53 48 47 51 55 54 49 86 72 90 73 88 87 71 75 74 89 26 32 30 33 28 27 31 35 34 29 96 82 100 83 98 97 81 85 84 99 16 22 20 23 18 17 21 25 24 19 56 92 60 93 58 57 91 95 94 59 6 12 10 13 8 7 11 15 14 9
96 12 100 13 98 97 11 15 14 99 56 62 60 63 58 57 61 65 64 59 6 22 10 23 8 7 21 25 24 9 66 72 70 73 68 67 71 75 74 69 16 92 20 93 18 17 91 95 94 19 46 52 50 53 48 47 51 55 54 49 76 2 80 3 78 77 1 5 4 79 36 42 40 43 38 37 41 45 44 39 86 82 90 83 88 87 81 85 84 89 26 32 30 33 28 27 31 35 34 29
16 22 20 23 18 17 21 25 24 19 86 92 90 93 88 87 91 95 94 89 36 42 40 43 38 37 41 45 44 39 96 2 100 3 98 97 1 5 4 99 6 32 10 33 8 7 31 35 34 9 76 82 80 83 78 77 81 85 84 79 46 12 50 13 48 47 11 15 14 49 66 72 70 73 68 67 71 75 74 69 26 52 30 53 28 27 51 55 54 29 56 62 60 63 58 57 61 65 64 59
36 42 40 43 38 37 41 45 44 39 6 12 10 13 8 7 11 15 14 9 56 62 60 63 58 57 61 65 64 59 16 22 20 23 18 17 21 25 24 19 46 52 50 53 48 47 51 55 54 49 96 2 100 3 98 97 1 5 4 99 26 72 30 73 28 27 71 75 74 29 86 92 90 93 88 87 91 95 94 89 66 32 70 33 68 67 31 35 34 69 76 82 80 83 78 77 81 85 84 79
76 72 80 73 78 77 71 75 74 79 46 52 50 53 48 47 51 55 54 49 96 82 100 83 98 97 81 85 84 99 56 62 60 63 58 57 61 65 64 59 66 2 70 3 68 67 1 5 4 69 36 42 40 43 38 37 41 45 44 39 86 92 90 93 88 87 91 95 94 89 26 32 30 33 28 27 31 35 34 29 6 12 10 13 8 7 11 15 14 9 16 22 20 23 18 17 21 25 24 19
26 32 30 33 28 27 31 35 34 29 96 2 100 3 98 97 1 5 4 99 46 52 50 53 48 47 51 55 54 49 6 12 10 13 8 7 11 15 14 9 56 42 60 43 58 57 41 45 44 59 86 92 90 93 88 87 91 95 94 89 16 62 20 63 18 17 61 65 64 19 76 82 80 83 78 77 81 85 84 79 36 22 40 23 38 37 21 25 24 39 66 72 70 73 68 67 71 75 74 69
46 52 50 53 48 47 51 55 54 49 16 22 20 23 18 17 21 25 24 19 66 72 70 73 68 67 71 75 74 69 26 32 30 33 28 27 31 35 34 29 36 82 40 83 38 37 81 85 84 39 6 12 10 13 8 7 11 15 14 9 56 42 60 43 58 57 41 45 44 59 96 2 100 3 98 97 1 5 4 99 76 62 80 63 78 77 61 65 64 79 86 92 90 93 88 87 91 95 94 89
56 82 60 83 58 57 81 85 84 59 26 32 30 33 28 27 31 35 34 29 86 92 90 93 88 87 91 95 94 89 36 42 40 43 38 37 41 45 44 39 76 62 80 63 78 77 61 65 64 79 16 22 20 23 18 17 21 25 24 19 66 52 70 53 68 67 51 55 54 69 6 12 10 13 8 7 11 15 14 9 46 72 50 73 48 47 71 75 74 49 96 2 100 3 98 97 1 5 4 99
86 92 90 93 88 87 91 95 94 89 66 72 70 73 68 67 71 75 74 69 26 32 30 33 28 27 31 35 34 29 76 82 80 83 78 77 81 85 84 79 96 12 100 13 98 97 11 15 14 99 56 62 60 63 58 57 61 65 64 59 6 22 10 23 8 7 21 25 24 9 46 52 50 53 48 47 51 55 54 49 16 2 20 3 18 17 1 5 4 19 36 42 40 43 38 37 41 45 44 39
7 13 11 14 9 8 12 16 15 10 47 53 51 54 49 48 52 56 55 50 17 23 21 24 19 18 22 26 25 20 57 63 61 64 59 58 62 66 65 60 97 3 1 4 99 98 2 6 5 100 67 73 71 74 69 68 72 76 75 70 37 43 41 44 39 38 42 46 45 40 77 83 81 84 79 78 82 86 85 80 27 33 31 34 29 28 32 36 35 30 87 93 91 94 89 88 92 96 95 90
67 73 71 74 69 68 72 76 75 70 7 13 11 14 9 8 12 16 15 10 77 83 81 84 79 78 82 86 85 80 17 23 21 24 19 18 22 26 25 20 57 63 61 64 59 58 62 66 65 60 27 33 31 34 29 28 32 36 35 30 97 3 1 4 99 98 2 6 5 100 37 43 41 44 39 38 42 46 45 40 87 93 91 94 89 88 92 96 95 90 47 53 51 54 49 48 52 56 55 50
87 93 91 94 89 88 92 96 95 90 57 63 61 64 59 58 62 66 65 60 97 3 1 4 99 98 2 6 5 100 47 53 51 54 49 48 52 56 55 50 77 83 81 84 79 78 82 86 85 80 37 43 41 44 39 38 42 46 45 40 17 23 21 24 19 18 22 26 25 20 27 33 31 34 29 28 32 36 35 30 7 13 11 14 9 8 12 16 15 10 67 73 71 74 69 68 72 76 75 70
17 23 21 24 19 18 22 26 25 20 77 83 81 84 79 78 82 86 85 80 27 33 31 34 29 28 32 36 35 30 67 73 71 74 69 68 72 76 75 70 7 13 11 14 9 8 12 16 15 10 57 93 91 94 59 58 92 96 95 60 47 53 51 54 49 48 52 56 55 50 87 3 1 4 89 88 2 6 5 90 37 43 41 44 39 38 42 46 45 40 97 63 61 64 99 98 62 66 65 100
37 43 41 44 39 38 42 46 45 40 17 23 21 24 19 18 22 26 25 20 47 53 51 54 49 48 52 56 55 50 77 83 81 84 79 78 82 86 85 80 27 33 31 34 29 28 32 36 35 30 87 13 11 14 89 88 12 16 15 90 67 73 71 74 69 68 72 76 75 70 97 93 91 94 99 98 92 96 95 100 57 63 61 64 59 58 62 66 65 60 7 3 1 4 9 8 2 6 5 10
77 83 81 84 79 78 82 86 85 80 37 43 41 44 39 38 42 46 45 40 87 93 91 94 89 88 92 96 95 90 27 33 31 34 29 28 32 36 35 30 67 73 71 74 69 68 72 76 75 70 47 53 51 54 49 48 52 56 55 50 7 13 11 14 9 8 12 16 15 10 57 63 61 64 59 58 62 66 65 60 97 3 1 4 99 98 2 6 5 100 17 23 21 24 19 18 22 26 25 20
27 33 31 34 29 28 32 36 35 30 87 3 1 4 89 88 2 6 5 90 37 43 41 44 39 38 42 46 45 40 97 93 91 94 99 98 92 96 95 100 17 23 21 24 19 18 22 26 25 20 7 83 81 84 9 8 82 86 85 10 57 63 61 64 59 58 62 66 65 60 67 73 71 74 69 68 72 76 75 70 47 53 51 54 49 48 52 56 55 50 77 13 11 14 79 78 12 16 15 80
47 53 51 54 49 48 52 56 55 50 97 93 91 94 99 98 92 96 95 100 57 63 61 64 59 58 62 66 65 60 87 13 11 14 89 88 12 16 15 90 37 43 41 44 39 38 42 46 45 40 17 3 1 4 19 18 2 6 5 20 77 83 81 84 79 78 82 86 85 80 7 23 21 24 9 8 22 26 25 10 67 73 71 74 69 68 72 76 75 70 27 33 31 34 29 28 32 36 35 30
57 63 61 64 59 58 62 66 65 60 27 33 31 34 29 28 32 36 35 30 67 73 71 74 69 68 72 76 75 70 7 3 1 4 9 8 2 6 5 10 47 53 51 54 49 48 52 56 55 50 97 23 21 24 99 98 22 26 25 100 87 93 91 94 89 88 92 96 95 90 17 13 11 14 19 18 12 16 15 20 77 83 81 84 79 78 82 86 85 80 37 43 41 44 39 38 42 46 45 40
97 3 1 4 99 98 2 6 5 100 67 73 71 74 69 68 72 76 75 70 7 13 11 14 9 8 12 16 15 10 37 43 41 44 39 38 42 46 45 40 87 93 91 94 89 88 92 96 95 90 77 63 61 64 79 78 62 66 65 80 27 33 31 34 29 28 32 36 35 30 47 53 51 54 49 48 52 56 55 50 17 23 21 24 19 18 22 26 25 20 57 83 81 84 59 58 82 86 85 60
5 1 9 2 7 6 10 4 3 8 75 81 79 82 77 76 80 84 83 78 15 11 19 12 17 16 20 14 13 18 85 91 89 92 87 86 90 94 93 88 25 21 29 22 27 26 30 24 23 28 65 71 69 72 67 66 70 74 73 68 35 31 39 32 37 36 40 34 33 38 55 61 59 62 57 56 60 64 63 58 95 41 99 42 97 96 100 44 43 98 45 51 49 52 47 46 50 54 53 48
65 61 69 62 67 66 70 64 63 68 35 41 39 42 37 36 40 44 43 38 75 1 79 2 77 76 80 4 3 78 45 51 49 52 47 46 50 54 53 48 85 71 89 72 87 86 90 74 73 88 25 31 29 32 27 26 30 34 33 28 95 81 99 82 97 96 100 84 83 98 15 21 19 22 17 16 20 24 23 18 55 91 59 92 57 56 60 94 93 58 5 11 9 12 7 6 10 14 13 8
95 11 99 12 97 96 100 14 13 98 55 61 59 62 57 56 60 64 63 58 5 21 9 22 7 6 10 24 23 8 65 71 69 72 67 66 70 74 73 68 15 91 19 92 17 16 20 94 93 18 45 51 49 52 47 46 50 54 53 48 75 1 79 2 77 76 80 4 3 78 35 41 39 42 37 36 40 44 43 38 85 81 89 82 87 86 90 84 83 88 25 31 29 32 27 26 30 34 33 28
15 21 19 22 17 16 20 24 23 18 85 91 89 92 87 86 90 94 93 88 35 41 39 42 37 36 40 44 43 38 95 1 99 2 97 96 100 4 3 98 5 31 9 32 7 6 10 34 33 8 75 81 79 82 77 76 80 84 83 78 45 11 49 12 47 46 50 14 13 48 65 71 69 72 67 66 70 74 73 68 25 51 29 52 27 26 30 54 53 28 55 61 59 62 57 56 60 64 63 58
35 41 39 42 37 36 40 44 43 38 5 11 9 12 7 6 10 14 13 8 55 61 59 62 57 56 60 64 63 58 15 21 19 22 17 16 20 24 23 18 45 51 49 52 47 46 50 54 53 48 95 1 99 2 97 96 100 4 3 98 25 71 29 72 27 26 30 74 73 28 85 91 89 92 87 86 90 94 93 88 65 31 69 32 67 66 70 34 33 68 75 81 79 82 77 76 80 84 83 78
75 71 79 72 77 76 80 74 73 78 45 51 49 52 47 46 50 54 53 48 95 81 99 82 97 96 100 84 83 98 55 61 59 62 57 56 60 64 63 58 65 1 69 2 67 66 70 4 3 68 35 41 39 42 37 36 40 44 43 38 85 91 89 92 87 86 90 94 93 88 25 31 29 32 27 26 30 34 33 28 5 11 9 12 7 6 10 14 13 8 15 21 19 22 17 16 20 24 23 18
25 31 29 32 27 26 30 34 33 28 95 1 99 2 97 96 100 4 3 98 45 51 49 52 47 46 50 54 53 48 5 11 9 12 7 6 10 14 13 8 55 41 59 42 57 56 60 44 43 58 85 91 89 92 87 86 90 94 93 88 15 61 19 62 17 16 20 64 63 18 75 81 79 82 77 76 80 84 83 78 35 21 39 22 37 36 40 24 23 38 65 71 69 72 67 66 70 74 73 68
45 51 49 52 47 46 50 54 53 48 15 21 19 22 17 16 20 24 23 18 65 71 69 72 67 66 70 74 73 68 25 31 29 32 27 26 30 34 33 28 35 81 39 82 37 36 40 84 83 38 5 11 9 12 7 6 10 14 13 8 55 41 59 42 57 56 60 44 43 58 95 1 99 2 97 96 100 4 3 98 75 61 79 62 77 76 80 64 63 78 85 91 89 92 87 86 90 94 93 88
55 81 59 82 57 56 60 84 83 58 25 31 29 32 27 26 30 34 33 28 85 91 89 92 87 86 90 94 93 88 35 41 39 42 37 36 40 44 43 38 75 61 79 62 77 76 80 64 63 78 15 21 19 22 17 16 20 24 23 18 65 51 69 52 67 66 70 54 53 68 5 11 9 12 7 6 10 14 13 8 45 71 49 72 47 46 50 74 73 48 95 1 99 2 97 96 100 4 3 98
85 91 89 92 87 86 90 94 93 88 65 71 69 72 67 66 70 74 73 68 25 31 29 32 27 26 30 34 33 28 75 81 79 82 77 76 80 84 83 78 95 11 99 12 97 96 100 14 13 98 55 61 59 62 57 56 60 64 63 58 5 21 9 22 7 6 10 24 23 8 45 51 49 52 47 46 50 54 53 48 15 1 19 2 17 16 20 4 3 18 35 41 39 42 37 36 40 44 43 38
8 14 12 15 10 9 13 17 16 11 48 54 52 55 50 49 53 57 56 51 18 24 22 25 20 19 23 27 26 21 58 64 62 65 60 59 63 67 66 61 98 4 2 5 100 99 3 7 6 1 68 74 72 75 70 69 73 77 76 71 38 44 42 45 40 39 43 47 46 41 78 84 82 85 80 79 83 87 86 81 28 34 32 35 30 29 33 37 36 31 88 94 92 95 90 89 93 97 96 91
68 74 72 75 70 69 73 77 76 71 8 14 12 15 10 9 13 17 16 11 78 84 82 85 80 79 83 87 86 81 18 24 22 25 20 19 23 27 26 21 58 64 62 65 60 59 63 67 66 61 28 34 32 35 30 29 33 37 36 31 98 4 2 5 100 99 3 7 6 1 38 44 42 45 40 39 43 47 46 41 88 94 92 95 90 89 93 97 96 91 48 54 52 55 50 49 53 57 56 51
88 94 92 95 90 89 93 97 96 91 58 64 62 65 60 59 63 67 66 61 98 4 2 5 100 99 3 7 6 1 48 54 52 55 50 49 53 57 56 51 78 84 82 85 80 79 83 87 86 81 38 44 42 45 40 39 43 47 46 41 18 24 22 25 20 19 23 27 26 21 28 34 32 35 30 29 33 37 36 31 8 14 12 15 10 9 13 17 16 11 68 74 72 75 70 69 73 77 76 71
18 24 22 25 20 19 23 27 26 21 78 84 82 85 80 79 83 87 86 81 28 34 32 35 30 29 33 37 36 31 68 74 72 75 70 69 73 77 76 71 8 14 12 15 10 9 13 17 16 11 58 94 92 95 60 59 93 97 96 91 48 54 52 55 50 49 53 57 56 51 88 4 2 5 90 89 3 7 6 1 38 44 42 45 40 39 43 47 46 41 98 64 62 65 100 99 63 67 66 61
38 44 42 45 40 39 43 47 46 41 18 24 22 25 20 19 23 27 26 21 48 54 52 55 50 49 53 57 56 51 78 84 82 85 80 79 83 87 86 81 28 34 32 35 30 29 33 37 36 31 88 14 12 15 90 89 13 17 16 11 68 74 72 75 70 69 73 77 76 71 98 94 92 95 100 99 93 97 96 91 58 64 62 65 60 59 63 67 66 61 8 4 2 5 10 9 3 7 6 1
78 84 82 85 80 79 83 87 86 81 38 44 42 45 40 39 43 47 46 41 88 94 92 95 90 89 93 97 96 91 28 34 32 35 30 29 33 37 36 31 68 74 72 75 70 69 73 77 76 71 48 54 52 55 50 49 53 57 56 51 8 14 12 15 10 9 13 17 16 11 58 64 62 65 60 59 63 67 66 61 98 4 2 5 100 99 3 7 6 1 18 24 22 25 20 19 23 27 26 21
28 34 32 35 30 29 33 37 36 31 88 4 2 5 90 89 3 7 6 1 38 44 42 45 40 39 43 47 46 41 98 94 92 95 100 99 93 97 96 91 18 24 22 25 20 19 23 27 26 21 8 84 82 85 10 9 83 87 86 81 58 64 62 65 60 59 63 67 66 61 68 74 72 75 70 69 73 77 76 71 48 54 52 55 50 49 53 57 56 51 78 14 12 15 80 79 13 17 16 11
48 54 52 55 50 49 53 57 56 51 98 94 92 95 100 99 93 97 96 91 58 64 62 65 60 59 63 67 66 61 88 14 12 15 90 89 13 17 16 11 38 44 42 45 40 39 43 47 46 41 18 4 2 5 20 19 3 7 6 1 78 84 82 85 80 79 83 87 86 81 8 24 22 25 10 9 23 27 26 21 68 74 72 75 70 69 73 77 76 71 28 34 32 35 30 29 33 37 36 31
58 64 62 65 60 59 63 67 66 61 28 34 32 35 30 29 33 37 36 31 68 74 72 75 70 69 73 77 76 71 8 4 2 5 10 9 3 7 6 1 48 54 52 55 50 49 53 57 56 51 98 24 22 25 100 99 23 27 26 21 88 94 92 95 90 89 93 97 96 91 18 14 12 15 20 19 13 17 16 11 78 84 82 85 80 79 83 87 86 81 38 44 42 45 40 39 43 47 46 41
98 4 2 5 100 99 3 7 6 1 68 74 72 75 70 69 73 77 76 71 8 14 12 15 10 9 13 17 16 11 38 44 42 45 40 39 43 47 46 41 88 94 92 95 90 89 93 97 96 91 78 64 62 65 80 79 63 67 66 61 28 34 32 35 30 29 33 37 36 31 48 54 52 55 50 49 53 57 56 51 18 24 22 25 20 19 23 27 26 21 58 84 82 85 60 59 83 87 86 81
1 7 5 8 3 2 6 10 9 4 71 77 75 78 73 72 76 80 79 74 11 17 15 18 13 12 16 20 19 14 81 87 85 88 83 82 86 90 89 84 21 27 25 28 23 22 26 30 29 24 61 67 65 68 63 62 66 70 69 64 31 37 35 38 33 32 36 40 39 34 51 57 55 58 53 52 56 60 59 54 91 97 95 98 93 92 96 100 99 94 41 47 45 48 43 42 46 50 49 44
61 67 65 68 63 62 66 70 69 64 31 37 35 38 33 32 36 40 39 34 71 77 75 78 73 72 76 80 79 74 41 47 45 48 43 42 46 50 49 44 81 87 85 88 83 82 86 90 89 84 21 27 25 28 23 22 26 30 29 24 91 97 95 98 93 92 96 100 99 94 11 17 15 18 13 12 16 20 19 14 51 57 55 58 53 52 56 60 59 54 1 7 5 8 3 2 6 10 9 4
91 97 95 98 93 92 96 100 99 94 51 57 55 58 53 52 56 60 59 54 1 7 5 8 3 2 6 10 9 4 61 67 65 68 63 62 66 70 69 64 11 17 15 18 13 12 16 20 19 14 41 47 45 48 43 42 46 50 49 44 71 77 75 78 73 72 76 80 79 74 31 37 35 38 33 32 36 40 39 34 81 87 85 88 83 82 86 90 89 84 21 27 25 28 23 22 26 30 29 24
11 17 15 18 13 12 16 20 19 14 81 87 85 88 83 82 86 90 89 84 31 37 35 38 33 32 36 40 39 34 91 97 95 98 93 92 96 100 99 94 1 7 5 8 3 2 6 10 9 4 71 77 75 78 73 72 76 80 79 74 41 47 45 48 43 42 46 50 49 44 61 67 65 68 63 62 66 70 69 64 21 27 25 28 23 22 26 30 29 24 51 57 55 58 53 52 56 60 59 54
31 37 35 38 33 32 36 40 39 34 1 7 5 8 3 2 6 10 9 4 51 57 55 58 53 52 56 60 59 54 11 17 15 18 13 12 16 20 19 14 41 47 45 48 43 42 46 50 49 44 91 97 95 98 93 92 96 100 99 94 21 27 25 28 23 22 26 30 29 24 81 87 85 88 83 82 86 90 89 84 61 67 65 68 63 62 66 70 69 64 71 77 75 78 73 72 76 80 79 74
71 77 75 78 73 72 76 80 79 74 41 47 45 48 43 42 46 50 49 44 91 97 95 98 93 92 96 100 99 94 51 57 55 58 53 52 56 60 59 54 61 67 65 68 63 62 66 70 69 64 31 37 35 38 33 32 36 40 39 34 81 87 85 88 83 82 86 90 89 84 21 27 25 28 23 22 26 30 29 24 1 7 5 8 3 2 6 10 9 4 11 17 15 18 13 12 16 20 19 14
21 27 25 28 23 22 26 30 29 24 91 97 95 98 93 92 96 100 99 94 41 47 45 48 43 42 46 50 49 44 1 7 5 8 3 2 6 10 9 4 51 57 55 58 53 52 56 60 59 54 81 87 85 88 83 82 86 90 89 84 11 17 15 18 13 12 16 20 19 14 71 77 75 78 73 72 76 80 79 74 31 37 35 38 33 32 36 40 39 34 61 67 65 68 63 62 66 70 69 64
41 47 45 48 43 42 46 50 49 44 11 17 15 18 13 12 16 20 19 14 61 67 65 68 63 62 66 70 69 64 21 27 25 28 23 22 26 30 29 24 31 37 35 38 33 32 36 40 39 34 1 7 5 8 3 2 6 10 9 4 51 57 55 58 53 52 56 60 59 54 91 97 95 98 93 92 96 100 99 94 71 77 75 78 73 72 76 80 79 74 81 87 85 88 83 82 86 90 89 84
51 57 55 58 53 52 56 60 59 54 21 27 25 28 23 22 26 30 29 24 81 87 85 88 83 82 86 90 89 84 31 37 35 38 33 32 36 40 39 34 71 77 75 78 73 72 76 80 79 74 11 17 15 18 13 12 16 20 19 14 61 67 65 68 63 62 66 70 69 64 1 7 5 8 3 2 6 10 9 4 41 47 45 48 43 42 46 50 49 44 91 97 95 98 93 92 96 100 99 94
81 87 85 88 83 82 86 90 89 84 61 67 65 68 63 62 66 70 69 64 21 27 25 28 23 22 26 30 29 24 71 77 75 78 73 72 76 80 79 74 91 97 95 98 93 92 96 100 99 94 51 57 55 58 53 52 56 60 59 54 1 7 5 8 3 2 6 10 9 4 41 47 45 48 43 42 46 50 49 44 11 17 15 18 13 12 16 20 19 14 31 37 35 38 33 32 36 40 39 34
4 10 8 11 6 5 9 13 12 7 44 50 48 51 46 45 49 53 52 47 14 20 18 21 16 15 19 23 22 17 54 60 58 61 56 55 59 63 62 57 94 100 98 1 96 95 99 3 2 97 64 70 68 71 66 65 69 73 72 67 34 40 38 41 36 35 39 43 42 37 74 80 78 81 76 75 79 83 82 77 24 30 28 31 26 25 29 33 32 27 84 90 88 91 86 85 89 93 92 87
64 70 68 71 66 65 69 73 72 67 4 10 8 11 6 5 9 13 12 7 74 80 78 81 76 75 79 83 82 77 14 20 18 21 16 15 19 23 22 17 54 60 58 61 56 55 59 63 62 57 24 30 28 31 26 25 29 33 32 27 94 100 98 1 96 95 99 3 2 97 34 40 38 41 36 35 39 43 42 37 84 90 88 91 86 85 89 93 92 87 44 50 48 51 46 45 49 53 52 47
84 90 88 91 86 85 89 93 92 87 54 60 58 61 56 55 59 63 62 57 94 100 98 1 96 95 99 3 2 97 44 50 48 51 46 45 49 53 52 47 74 80 78 81 76 75 79 83 82 77 34 40 38 41 36 35 39 43 42 37 14 20 18 21 16 15 19 23 22 17 24 30 28 31 26 25 29 33 32 27 4 10 8 11 6 5 9 13 12 7 64 70 68 71 66 65 69 73 72 67
14 20 18 21 16 15 19 23 22 17 74 80 78 81 76 75 79 83 82 77 24 30 28 31 26 25 29 33 32 27 64 70 68 71 66 65 69 73 72 67 4 10 8 11 6 5 9 13 12 7 54 60 58 91 56 55 59 93 92 57 44 50 48 51 46 45 49 53 52 47 84 90 88 1 86 85 89 3 2 87 34 40 38 41 36 35 39 43 42 37 94 100 98 61 96 95 99 63 62 97
34 40 38 41 36 35 39 43 42 37 14 20 18 21 16 15 19 23 22 17 44 50 48 51 46 45 49 53 52 47 74 80 78 81 76 75 79 83 82 77 24 30 28 31 26 25 29 33 32 27 84 90 88 11 86 85 89 13 12 87 64 70 68 71 66 65 69 73 72 67 94 100 98 91 96 95 99 93 92 97 54 60 58 61 56 55 59 63 62 57 4 10 8 1 6 5 9 3 2 7
74 80 78 81 76 75 79 83 82 77 34 40 38 41 36 35 39 43 42 37 84 90 88 91 86 85 89 93 92 87 24 30 28 31 26 25 29 33 32 27 64 70 68 71 66 65 69 73 72 67 44 50 48 51 46 45 49 53 52 47 4 10 8 11 6 5 9 13 12 7 54 60 58 61 56 55 59 63 62 57 94 100 98 1 96 95 99 3 2 97 14 20 18 21 16 15 19 23 22 17
24 30 28 31 26 25 29 33 32 27 84 90 88 1 86 85 89 3 2 87 34 40 38 41 36 35 39 43 42 37 94 100 98 91 96 95 99 93 92 97 14 20 18 21 16 15 19 23 22 17 4 10 8 81 6 5 9 83 82 7 54 60 58 61 56 55 59 63 62 57 64 70 68 71 66 65 69 73 72 67 44 50 48 51 46 45 49 53 52 47 74 80 78 11 76 75 79 13 12 77
44 50 48 51 46 45 49 53 52 47 94 100 98 91 96 95 99 93 92 97 54 60 58 61 56 55 59 63 62 57 84 90 88 11 86 85 89 13 12 87 34 40 38 41 36 35 39 43 42 37 14 20 18 1 16 15 19 3 2 17 74 80 78 81 76 75 79 83 82 77 4 10 8 21 6 5 9 23 22 7 64 70 68 71 66 65 69 73 72 67 24 30 28 31 26 25 29 33 32 27
54 60 58 61 56 55 59 63 62 57 24 30 28 31 26 25 29 33 32 27 64 70 68 71 66 65 69 73 72 67 4 10 8 1 6 5 9 3 2 7 44 50 48 51 46 45 49 53 52 47 94 100 98 21 96 95 99 23 22 97 84 90 88 91 86 85 89 93 92 87 14 20 18 11 16 15 19 13 12 17 74 80 78 81 76 75 79 83 82 77 34 40 38 41 36 35 39 43 42 37
94 100 98 1 96 95 99 3 2 97 64 70 68 71 66 65 69 73 72 67 4 10 8 11 6 5 9 13 12 7 34 40 38 41 36 35 39 43 42 37 84 90 88 91 86 85 89 93 92 87 74 80 78 61 76 75 79 63 62 77 24 30 28 31 26 25 29 33 32 27 44 50 48 51 46 45 49 53 52 47 14 20 18 21 16 15 19 23 22 17 54 60 58 81 56 55 59 83 82 57
9 5 3 6 1 10 4 8 7 2 79 85 83 86 81 80 84 88 87 82 19 15 13 16 11 20 14 18 17 12 89 95 93 96 91 90 94 98 97 92 29 25 23 26 21 30 24 28 27 22 69 75 73 76 71 70 74 78 77 72 39 35 33 36 31 40 34 38 37 32 59 65 63 66 61 60 64 68 67 62 99 45 43 46 41 100 44 48 47 42 49 55 53 56 51 50 54 58 57 52
69 65 63 66 61 70 64 68 67 62 39 45 43 46 41 40 44 48 47 42 79 5 3 6 1 80 4 8 7 2 49 55 53 56 51 50 54 58 57 52 89 75 73 76 71 90 74 78 77 72 29 35 33 36 31 30 34 38 37 32 99 85 83 86 81 100 84 88 87 82 19 25 23 26 21 20 24 28 27 22 59 95 93 96 91 60 94 98 97 92 9 15 13 16 11 10 14 18 17 12
99 15 13 16 11 100 14 18 17 12 59 65 63 66 61 60 64 68 67 62 9 25 23 26 21 10 24 28 27 22 69 75 73 76 71 70 74 78 77 72 19 95 93 96 91 20 94 98 97 92 49 55 53 56 51 50 54 58 57 52 79 5 3 6 1 80 4 8 7 2 39 45 43 46 41 40 44 48 47 42 89 85 83 86 81 90 84 88 87 82 29 35 33 36 31 30 34 38 37 32
19 25 23 26 21 20 24 28 27 22 89 95 93 96 91 90 94 98 97 92 39 45 43 46 41 40 44 48 47 42 99 5 3 6 1 100 4 8 7 2 9 35 33 36 31 10 34 38 37 32 79 85 83 86 81 80 84 88 87 82 49 15 13 16 11 50 14 18 17 12 69 75 73 76 71 70 74 78 77 72 29 55 53 56 51 30 54 58 57 52 59 65 63 66 61 60 64 68 67 62
39 45 43 46 41 40 44 48 47 42 9 15 13 16 11 10 14 18 17 12 59 65 63 66 61 60 64 68 67 62 19 25 23 26 21 20 24 28 27 22 49 55 53 56 51 50 54 58 57 52 99 5 3 6 1 100 4 8 7 2 29 75 73 76 71 30 74 78 77 72 89 95 93 96 91 90 94 98 97 92 69 35 33 36 31 70 34 38 37 32 79 85 83 86 81 80 84 88 87 82
79 75 73 76 71 80 74 78 77 72 49 55 53 56 51 50 54 58 57 52 99 85 83 86 81 100 84 88 87 82 59 65 63 66 61 60 64 68 67 62 69 5 3 6 1 70 4 8 7 2 39 45 43 46 41 40 44 48 47 42 89 95 93 96 91 90 94 98 97 92 29 35 33 36 31 30 34 38 37 32 9 15 13 16 11 10 14 18 17 12 19 25 23 26 21 20 24 28 27 22
29 35 33 36 31 30 34 38 37 32 99 5 3 6 1 100 4 8 7 2 49 55 53 56 51 50 54 58 57 52 9 15 13 16 11 10 14 18 17 12 59 45 43 46 41 60 44 48 47 42 89 95 93 96 91 90 94 98 97 92 19 65 63 66 61 20 64 68 67 62 79 85 83 86 81 80 84 88 87 82 39 25 23 26 21 40 24 28 27 22 69 75 73 76 71 70 74 78 77 72
49 55 53 56 51 50 54 58 57 52 19 25 23 26 21 20 24 28 27 22 69 75 73 76 71 70 74 78 77 72 29 35 33 36 31 30 34 38 37 32 39 85 83 86 81 40 84 88 87 82 9 15 13 16 11 10 14 18 17 12 59 45 43 46 41 60 44 48 47 42 99 5 3 6 1 100 4 8 7 2 79 65 63 66 61 80 64 68 67 62 89 95 93 96 91 90 94 98 97 92
59 85 83 86 81 60 84 88 87 82 29 35 33 36 31 30 34 38 37 32 89 95 93 96 91 90 94 98 97 92 39 45 43 46 41 40 44 48 47 42 79 65 63 66 61 80 64 68 67 62 19 25 23 26 21 20 24 28 27 22 69 55 53 56 51 70 54 58 57 52 9 15 13 16 11 10 14 18 17 12 49 75 73 76 71 50 74 78 77 72 99 5 3 6 1 100 4 8 7 2
89 95 93 96 91 90 94 98 97 92 69 75 73 76 71 70 74 78 77 72 29 35 33 36 31 30 34 38 37 32 79 85 83 86 81 80 84 88 87 82 99 15 13 16 11 100 14 18 17 12 59 65 63 66 61 60 64 68 67 62 9 25 23 26 21 10 24 28 27 22 49 55 53 56 51 50 54 58 57 52 19 5 3 6 1 20 4 8 7 2 39 45 43 46 41 40 44 48 47 42
2 8 6 9 4 3 7 11 10 5 42 48 46 49 44 43 47 51 50 45 12 18 16 19 14 13 17 21 20 15 52 58 56 59 54 53 57 61 60 55 92 98 96 99 94 93 97 1 100 95 62 68 66 69 64 63 67 71 70 65 32 38 36 39 34 33 37 41 40 35 72 78 76 79 74 73 77 81 80 75 22 28 26 29 24 23 27 31 30 25 82 88 86 89 84 83 87 91 90 85
62 68 66 69 64 63 67 71 70 65 2 8 6 9 4 3 7 11 10 5 72 78 76 79 74 73 77 81 80 75 12 18 16 19 14 13 17 21 20 15 52 58 56 59 54 53 57 61 60 55 22 28 26 29 24 23 27 31 30 25 92 98 96 99 94 93 97 1 100 95 32 38 36 39 34 33 37 41 40 35 82 88 86 89 84 83 87 91 90 85 42 48 46 49 44 43 47 51 50 45
82 88 86 89 84 83 87 91 90 85 52 58 56 59 54 53 57 61 60 55 92 98 96 99 94 93 97 1 100 95 42 48 46 49 44 43 47 51 50 45 72 78 76 79 74 73 77 81 80 75 32 38 36 39 34 33 37 41 40 35 12 18 16 19 14 13 17 21 20 15 22 28 26 29 24 23 27 31 30 25 2 8 6 9 4 3 7 11 10 5 62 68 66 69 64 63 67 71 70 65
12 18 16 19 14 13 17 21 20 15 72 78 76 79 74 73 77 81 80 75 22 28 26 29 24 23 27 31 30 25 62 68 66 69 64 63 67 71 70 65 2 8 6 9 4 3 7 11 10 5 52 58 56 59 54 53 57 91 60 55 42 48 46 49 44 43 47 51 50 45 82 88 86 89 84 83 87 1 90 85 32 38 36 39 34 33 37 41 40 35 92 98 96 99 94 93 97 61 100 95
32 38 36 39 34 33 37 41 40 35 12 18 16 19 14 13 17 21 20 15 42 48 46 49 44 43 47 51 50 45 72 78 76 79 74 73 77 81 80 75 22 28 26 29 24 23 27 31 30 25 82 88 86 89 84 83 87 11 90 85 62 68 66 69 64 63 67 71 70 65 92 98 96 99 94 93 97 91 100 95 52 58 56 59 54 53 57 61 60 55 2 8 6 9 4 3 7 1 10 5
72 78 76 79 74 73 77 81 80 75 32 38 36 39 34 33 37 41 40 35 82 88 86 89 84 83 87 91 90 85 22 28 26 29 24 23 27 31 30 25 62 68 66 69 64 63 67 71 70 65 42 48 46 49 44 43 47 51 50 45 2 8 6 9 4 3 7 11 10 5 52 58 56 59 54 53 57 61 60 55 92 98 96 99 94 93 97 1 100 95 12 18 16 19 14 13 17 21 20 15
22 28 26 29 24 23 27 31 30 25 82 88 86 89 84 83 87 1 90 85 32 38 36 39 34 33 37 41 40 35 92 98 96 99 94 93 97 91 100 95 12 18 16 19 14 13 17 21 20 15 2 8 6 9 4 3 7 81 10 5 52 58 56 59 54 53 57 61 60 55 62 68 66 69 64 63 67 71 70 65 42 48 46 49 44 43 47 51 50 45 72 78 76 79 74 73 77 11 80 75
42 48 46 49 44 43 47 51 50 45 92 98 96 99 94 93 97 91 100 95 52 58 56 59 54 53 57 61 60 55 82 88 86 89 84 83 87 11 90 85 32 38 36 39 34 33 37 41 40 35 12 18 16 19 14 13 17 1 20 15 72 78 76 79 74 73 77 81 80 75 2 8 6 9 4 3 7 21 10 5 62 68 66 69 64 63 67 71 70 65 22 28 26 29 24 23 27 31 30 25
52 58 56 59 54 53 57 61 60 55 22 28 26 29 24 23 27 31 30 25 62 68 66 69 64 63 67 71 70 65 2 8 6 9 4 3 7 1 10 5 42 48 46 49 44 43 47 51 50 45 92 98 96 99 94 93 97 21 100 95 82 88 86 89 84 83 87 91 90 85 12 18 16 19 14 13 17 11 20 15 72 78 76 79 74 73 77 81 80 75 32 38 36 39 34 33 37 41 40 35
92 98 96 99 94 93 97 1 100 95 62 68 66 69 64 63 67 71 70 65 2 8 6 9 4 3 7 11 10 5 32 38 36 39 34 33 37 41 40 35 82 88 86 89 84 83 87 91 90 85 72 78 76 79 74 73 77 61 80 75 22 28 26 29 24 23 27 31 30 25 42 48 46 49 44 43 47 51 50 45 12 18 16 19 14 13 17 21 20 15 52 58 56 59 54 53 57 81 60 55