7 8 9 10 3 6 1 4 11 5 13 12 15 2 14 16 
3 4 5 6 14 2 16 15 7 1 9 8 11 10 13 12 
15 2 1 12 11 5 13 7 3 10 14 16 4 6 9 8 
11 14 13 16 8 10 9 12 15 2 4 6 3 1 5 7 
8 3 10 4 5 7 6 9 13 15 12 11 16 14 2 1 
14 7 6 5 16 3 4 1 2 8 10 9 12 15 11 13 
2 16 11 1 12 15 8 13 4 7 6 14 5 3 10 9 
12 9 15 13 2 11 10 14 16 3 1 5 8 7 6 4 
4 5 8 9 15 12 14 3 10 13 2 1 6 16 7 11 
10 11 2 3 4 1 5 16 6 9 8 7 14 13 12 15 
16 1 12 15 6 13 7 11 14 4 5 3 2 9 8 10 
6 13 14 7 10 9 2 8 12 11 16 15 1 5 4 3 
5 10 4 8 1 16 3 2 9 6 11 13 7 12 15 14 
1 6 16 2 13 14 15 10 8 12 7 4 9 11 3 5 
13 15 7 11 9 4 12 5 1 14 3 2 10 8 16 6 
9 12 3 14 7 8 11 6 5 16 15 10 13 4 1 2 
